0 0 0 0 0 0 0 0 0 9033
0 0 0 0 0 0 0 0 0 1
0 0 0 0 0 0 0 0 0 9013
0 0 0 0 0 0 0 0 0 1
0 0 2085 0 0 0 0 0 0 0
0 0 1 0 0 0 0 0 0 0
0 0 0 3077 0 0 0 0 0 0
0 0 0 1 0 0 0 0 0 0
0 0 0 0 4018 0 0 0 0 0
0 0 0 0 1 0 0 0 0 0
0 0 0 0 0 5091 0 0 0 0
0 0 0 0 0 1 0 0 0 0
0 0 0 0 0 5068 0 0 0 0
0 0 0 0 0 1 0 0 0 0
0 0 0 3000 0 0 0 0 0 0
0 0 0 1 0 0 0 0 0 0
92 0 0 0 0 0 0 0 0 0
1 0 0 0 0 0 0 0 0 0
0 1069 0 0 0 0 0 0 0 0
0 1 0 0 0 0 0 0 0 0
0 0 0 3079 0 0 0 0 0 0
0 0 0 1 0 0 0 0 0 0
0 0 0 0 0 0 6063 0 0 0
0 0 0 0 0 0 1 0 0 0
0 0 2011 0 0 0 0 0 0 0
0 0 1 0 0 0 0 0 0 0
0 0 0 0 0 0 0 7062 0 0
0 0 0 0 0 0 0 1 0 0
0 0 0 0 0 0 6036 0 0 0
0 0 0 0 0 0 1 0 0 0
0 0 0 0 4009 0 0 0 0 0
0 0 0 0 1 0 0 0 0 0
0 0 2019 0 0 0 0 0 0 0
0 0 1 0 0 0 0 0 0 0
0 0 0 0 0 5076 0 0 0 0
0 0 0 0 0 1 0 0 0 0
0 0 0 0 0 5085 0 0 0 0
0 0 0 0 0 1 0 0 0 0
0 1046 0 0 0 0 0 0 0 0
0 1 0 0 0 0 0 0 0 0
41 0 0 0 0 0 0 0 0 0
1 0 0 0 0 0 0 0 0 0
0 0 0 0 0 0 0 0 0 9030
0 0 0 0 0 0 0 0 0 1
0 0 0 0 0 0 0 0 8030 0
0 0 0 0 0 0 0 0 1 0
0 0 0 0 0 0 0 7100 0 0
0 0 0 0 0 0 0 1 0 0
0 0 0 0 0 0 0 0 0 9092
0 0 0 0 0 0 0 0 0 1
0 0 2080 0 0 0 0 0 0 0
0 0 1 0 0 0 0 0 0 0
0 0 0 0 0 0 0 7015 0 0
0 0 0 0 0 0 0 1 0 0
0 0 0 3051 0 0 0 0 0 0
0 0 0 1 0 0 0 0 0 0
0 0 0 0 0 5090 0 0 0 0
0 0 0 0 0 1 0 0 0 0
0 0 0 0 0 5024 0 0 0 0
0 0 0 0 0 1 0 0 0 0
0 0 0 0 4028 0 0 0 0 0
0 0 0 0 1 0 0 0 0 0
0 0 0 0 0 0 0 0 0 9008
0 0 0 0 0 0 0 0 0 1
0 0 2057 0 0 0 0 0 0 0
0 0 1 0 0 0 0 0 0 0
0 0 0 0 0 5071 0 0 0 0
0 0 0 0 0 1 0 0 0 0
0 0 0 3020 0 0 0 0 0 0
0 0 0 1 0 0 0 0 0 0
0 0 0 0 0 0 6096 0 0 0
0 0 0 0 0 0 1 0 0 0
0 0 2096 0 0 0 0 0 0 0
0 0 1 0 0 0 0 0 0 0
0 0 2026 0 0 0 0 0 0 0
0 0 1 0 0 0 0 0 0 0
0 0 0 0 0 0 0 7090 0 0
0 0 0 0 0 0 0 1 0 0
0 0 0 0 0 0 0 0 8055 0
0 0 0 0 0 0 0 0 1 0
0 0 0 0 0 0 0 0 0 9022
0 0 0 0 0 0 0 0 0 1
0 0 0 0 0 0 6043 0 0 0
0 0 0 0 0 0 1 0 0 0
0 0 2090 0 0 0 0 0 0 0
0 0 1 0 0 0 0 0 0 0
0 1012 0 0 0 0 0 0 0 0
0 1 0 0 0 0 0 0 0 0
0 0 2010 0 0 0 0 0 0 0
0 0 1 0 0 0 0 0 0 0
0 0 0 0 4064 0 0 0 0 0
0 0 0 0 1 0 0 0 0 0
0 0 0 0 0 0 0 0 8088 0
0 0 0 0 0 0 0 0 1 0
0 0 0 0 0 0 0 0 0 9046
0 0 0 0 0 0 0 0 0 1
0 1014 0 0 0 0 0 0 0 0
0 1 0 0 0 0 0 0 0 0
0 0 0 0 0 0 0 7035 0 0
0 0 0 0 0 0 0 1 0 0
